0.00028703198202583536,7.400444197602241e-05
0.000144870179887318,0.00025306284959732877
-0.00017539591125104566,0.00022562386740343604
-0.00031779408320188444,6.919560895904482e-05
-0.0002243610963391134,-0.0003451902824827812
0.00011543913500764112,-0.0003279559820062719
0.0007307983354370386,-4.383551454023056e-05
0.0006031019159976658,0.00027713245640893834
0.000244577184141705,0.0006446191524229858
-3.535904346205217e-05,0.0006771334824013398
-0.00026384402942751186,0.0005313765505478367
-0.0005427246534400942,0.0004000594517167335
-0.000610711986711587,9.271607126554705e-06
-0.0006604230447728232,-0.00037394250411915304
-0.000385860025211065,-0.0006067721225877407
-1.4689386090822232e-05,-0.0007355070474032888
0.00042818975252245265,-0.0006326450897761849
0.0006187703155034374,-0.0002923764834089138
0.0009525110154354013,9.562339732523029e-06
0.0009659698574772927,0.00029736498669756105
0.0007697387616165125,0.000572635017927435
0.0005131666938424317,0.0008659697283104106
0.00027066106002561973,0.0010558987070974036
-0.000201476987565024,0.0009308151414868693
-0.0005446170229474929,0.000800201001545871
-0.0006780529302084587,0.0005874622942462598
-0.001013532909963834,0.0002575717504086638
-0.0009776748649736192,-5.1458831028087186e-05
-0.0008429350273810203,-0.0003622382285973806
-0.0007660315870620835,-0.0006645695330380544
-0.0004938104125873145,-0.0009500818162838365
-0.00013542843001185492,-0.0010739323867135723
9.255736084539548e-05,-0.000887860884555399
0.0005237520749702016,-0.0009563263008831581
0.0007728288264998007,-0.0006993495224619761
0.001012326710531013,-0.000336954642277048
